[gd_scene load_steps=16 format=2]

[ext_resource path="res://assets/models/eraser/Eraser.tscn" type="PackedScene" id=1]
[ext_resource path="res://resources/materials/Metal035.material" type="Material" id=2]
[ext_resource path="res://resources/materials/Wood063.material" type="Material" id=3]
[ext_resource path="res://resources/custom_nodes/Conduction.gd" type="Script" id=5]
[ext_resource path="res://resources/materials/Wood035.material" type="Material" id=6]
[ext_resource path="res://src/Character/Character.tscn" type="PackedScene" id=7]
[ext_resource path="res://assets/models/ruler/ruler.tscn" type="PackedScene" id=8]
[ext_resource path="res://scenes/DayLevel3.tscn" type="PackedScene" id=9]
[ext_resource path="res://assets/models/crayon/pencil.tscn" type="PackedScene" id=10]
[ext_resource path="res://src/Enviroments/DayWorldEnvironment.tscn" type="PackedScene" id=16]

[sub_resource type="BoxShape" id=1]
extents = Vector3( 0.631172, 0.05, 0.05 )

[sub_resource type="CubeMesh" id=2]
material = ExtResource( 2 )

[sub_resource type="BoxShape" id=3]
extents = Vector3( 0.5, 0.25, 0.5 )

[sub_resource type="ProceduralSky" id=4]
sky_top_color = Color( 0.211765, 0.313726, 0.552941, 1 )
sky_horizon_color = Color( 0.545098, 0.686275, 0.811765, 1 )
sky_curve = 0.13
ground_bottom_color = Color( 0.545098, 0.686275, 0.811765, 1 )
ground_horizon_color = Color( 0.545098, 0.686275, 0.811765, 1 )
sun_latitude = 50.0
sun_angle_max = 30.0
sun_energy = 30.0

[sub_resource type="Environment" id=5]
resource_local_to_scene = true
background_mode = 2
background_sky = SubResource( 4 )
ambient_light_color = Color( 0.5, 0.5, 0.5, 1 )
ambient_light_energy = 3.0
ambient_light_sky_contribution = 0.3
tonemap_mode = 2
tonemap_white = 16.0
ss_reflections_depth_tolerance = 128.0
ssao_enabled = true
ssao_radius = 0.36
ssao_intensity = 9.58
ssao_bias = 0.019
ssao_light_affect = 0.59
ssao_ao_channel_affect = 0.7
ssao_quality = 2
dof_blur_far_enabled = true
dof_blur_far_distance = 20.0
dof_blur_far_transition = 3.69
dof_blur_near_enabled = true
dof_blur_near_distance = 12.0
dof_blur_near_transition = 0.85
glow_enabled = true

[node name="Spatial" type="Spatial"]

[node name="Camera" type="Camera" parent="."]
transform = Transform( 0.707107, 0.5, -0.5, 0, 0.707107, 0.707107, 0.707107, -0.5, 0.5, -1.417, 13.857, 5 )
projection = 1
current = true
size = 12.0

[node name="Listener" type="Listener" parent="Camera"]
transform = Transform( 1, -2.98023e-08, 5.96046e-08, 8.9407e-08, 0.906308, -0.422618, -2.98023e-08, 0.422618, 0.906308, 0, 0, 0 )
current = true

[node name="Character" parent="." instance=ExtResource( 7 )]
transform = Transform( 1, 0, 0, 0, 1, 0, 0, 0, 1, 12.9931, 0, -1 )

[node name="CSGLightWood" type="CSGCombiner" parent="."]
use_collision = true

[node name="CSGBox" type="CSGBox" parent="CSGLightWood"]
transform = Transform( 1, 0, 0, 0, 1, 0, 0, 0, 1, 1.48166, -5.02475, -0.235323 )
width = 200.0
height = 10.0
depth = 200.0
material = ExtResource( 3 )

[node name="Hole" type="CSGBox" parent="CSGLightWood"]
transform = Transform( 1, 0, 0, 0, 1, 0, 0, 0, 1, 4, -0.092, -3 )
operation = 2
width = 1.25
height = 0.15
depth = 1.25

[node name="Conduction" type="Spatial" parent="CSGLightWood/Hole"]
script = ExtResource( 5 )
area_node_a = NodePath("AreaA")
area_node_b = NodePath("AreaB")
scene_to_load = ExtResource( 9 )

[node name="AreaA" type="Area" parent="CSGLightWood/Hole/Conduction"]
transform = Transform( 1, 0, 0, 0, 1, 0, 0, 0, 1, 0, 0, -0.5 )
collision_layer = 0
collision_mask = 4

[node name="CollisionShape" type="CollisionShape" parent="CSGLightWood/Hole/Conduction/AreaA"]
shape = SubResource( 1 )

[node name="AreaB" type="Area" parent="CSGLightWood/Hole/Conduction"]
transform = Transform( 1, 0, 0, 0, 1, 0, 0, 0, 1, 0, 0, 0.5 )
collision_layer = 0
collision_mask = 4

[node name="CollisionShape" type="CollisionShape" parent="CSGLightWood/Hole/Conduction/AreaB"]
shape = SubResource( 1 )

[node name="CSGDarkWood" type="CSGCombiner" parent="."]
material_override = ExtResource( 6 )
use_collision = true

[node name="RigidBody" type="RigidBody" parent="."]
transform = Transform( 1, 0, 0, 0, 1, 0, 0, 0, 1, 9, 0, -3 )
collision_layer = 7

[node name="MeshInstance" type="MeshInstance" parent="RigidBody"]
transform = Transform( 0.5, 0, 0, 0, 0.25, 0, 0, 0, 0.5, 0, 0, 0 )
mesh = SubResource( 2 )
material/0 = null

[node name="CollisionShape" type="CollisionShape" parent="RigidBody"]
shape = SubResource( 3 )

[node name="pencil" parent="." instance=ExtResource( 10 )]
transform = Transform( 3.4932e-08, 0.79915, 0.601132, 1, -4.37114e-08, 0, 2.62763e-08, 0.601132, -0.79915, 7.6915, 0.202039, 1.27964 )

[node name="pencil4" parent="." instance=ExtResource( 10 )]
transform = Transform( 2.62721e-08, 0.601034, 0.799223, 1, -4.37114e-08, 0, 3.49352e-08, 0.799223, -0.601034, -2.38514, 0.202039, -6.76832 )

[node name="pencil2" parent="." instance=ExtResource( 10 )]
transform = Transform( -7.72786e-09, -0.176793, -0.984249, 1, -4.37114e-08, 0, -4.30228e-08, -0.984249, 0.176793, 14.4597, 0.202039, 7.08395 )

[node name="pencil3" parent="." instance=ExtResource( 10 )]
transform = Transform( 4.36709e-08, 0.999076, 0.042992, 1, -4.37114e-08, 0, 1.87917e-09, 0.042992, -0.999076, -1.97555, 0.202039, -7.0719 )

[node name="Ruler" parent="." instance=ExtResource( 8 )]
transform = Transform( 0.64256, 0, -0.766235, 0, 1, 0, 0.766235, 0, 0.64256, 0.0940986, 0, -14.2735 )

[node name="ReflectionProbe" type="ReflectionProbe" parent="."]
transform = Transform( 1, 0, 0, 0, 1, 0, 0, 0, 1, 4.41459, 4.17148, 0 )
extents = Vector3( 20, 10, 20 )

[node name="DayWorldEnvironment" parent="." instance=ExtResource( 16 )]
environment = SubResource( 5 )

[node name="Eraser" parent="." instance=ExtResource( 1 )]
transform = Transform( 0.943668, -0.330893, 5.39094e-08, 0, -1.62921e-07, -1, 0.330893, 0.943668, -1.53743e-07, 5.3178, 0.737648, -10.7313 )
