[gd_scene load_steps=27 format=2]

[ext_resource path="res://assets/models/eraser/Eraser.tscn" type="PackedScene" id=1]
[ext_resource path="res://resources/materials/Metal035.material" type="Material" id=2]
[ext_resource path="res://resources/materials/Wood063.material" type="Material" id=3]
[ext_resource path="res://assets/models/cup/CoffeCup.tscn" type="PackedScene" id=4]
[ext_resource path="res://resources/custom_nodes/Conduction.gd" type="Script" id=5]
[ext_resource path="res://resources/materials/Wood035.material" type="Material" id=6]
[ext_resource path="res://src/Character/Character.tscn" type="PackedScene" id=7]
[ext_resource path="res://assets/models/ruler/ruler.tscn" type="PackedScene" id=8]
[ext_resource path="res://scenes/NightCutscene.tscn" type="PackedScene" id=9]
[ext_resource path="res://assets/models/crayon/pencil.tscn" type="PackedScene" id=10]
[ext_resource path="res://resources/materials/Metal001.material" type="Material" id=11]
[ext_resource path="res://src/Enviroments/DayWorldEnvironment.tscn" type="PackedScene" id=16]

[sub_resource type="BoxShape" id=1]
extents = Vector3( 0.631172, 0.05, 0.05 )

[sub_resource type="CubeMesh" id=2]
material = ExtResource( 2 )

[sub_resource type="BoxShape" id=3]
extents = Vector3( 0.5, 0.25, 0.5 )

[sub_resource type="ProceduralSky" id=4]
sky_top_color = Color( 0.211765, 0.313726, 0.552941, 1 )
sky_horizon_color = Color( 0.545098, 0.686275, 0.811765, 1 )
sky_curve = 0.13
ground_bottom_color = Color( 0.545098, 0.686275, 0.811765, 1 )
ground_horizon_color = Color( 0.545098, 0.686275, 0.811765, 1 )
sun_latitude = 50.0
sun_angle_max = 30.0
sun_energy = 30.0

[sub_resource type="Environment" id=5]
resource_local_to_scene = true
background_mode = 2
background_sky = SubResource( 4 )
ambient_light_color = Color( 0.5, 0.5, 0.5, 1 )
ambient_light_energy = 3.0
ambient_light_sky_contribution = 0.3
tonemap_mode = 2
tonemap_white = 16.0
ss_reflections_depth_tolerance = 128.0
ssao_enabled = true
ssao_radius = 0.36
ssao_intensity = 9.58
ssao_bias = 0.019
ssao_light_affect = 0.59
ssao_ao_channel_affect = 0.7
ssao_quality = 2
dof_blur_far_enabled = true
dof_blur_far_distance = 23.0
dof_blur_far_transition = 3.69
dof_blur_near_enabled = true
dof_blur_near_distance = 4.0
dof_blur_near_transition = 0.85
glow_enabled = true

[sub_resource type="CylinderShape" id=6]

[sub_resource type="CylinderMesh" id=7]

[sub_resource type="CylinderShape" id=8]

[sub_resource type="CylinderMesh" id=9]

[sub_resource type="CylinderMesh" id=10]
material = ExtResource( 2 )

[sub_resource type="CylinderShape" id=11]

[sub_resource type="CylinderMesh" id=12]

[sub_resource type="CylinderShape" id=13]

[sub_resource type="CubeMesh" id=14]

[node name="Spatial" type="Spatial"]

[node name="Camera" type="Camera" parent="."]
transform = Transform( 0.707107, 0.5, -0.5, 0, 0.707107, 0.707107, 0.707107, -0.5, 0.5, -1.417, 13.857, 5 )
projection = 1
current = true
size = 12.0

[node name="Listener" type="Listener" parent="Camera"]
transform = Transform( 1, -2.98023e-08, 5.96046e-08, 8.9407e-08, 0.906308, -0.422618, -2.98023e-08, 0.422618, 0.906308, 0, 0, 0 )
current = true

[node name="Character" parent="." instance=ExtResource( 7 )]
transform = Transform( 1, 0, 0, 0, 1, 0, 0, 0, 1, -1.76118, 9.17077, 0.652819 )

[node name="CSGLightWood" type="CSGCombiner" parent="."]
transform = Transform( 1, 0, 0, 0, 1, 0, 0, 0, 1, 2.25189, 0, -1.6845 )
use_collision = true

[node name="CSGBox" type="CSGBox" parent="CSGLightWood"]
transform = Transform( 1, 0, 0, 0, 1, 0, 0, 0, 1, 1.48166, -5.02475, -0.235323 )
width = 200.0
height = 10.0
depth = 200.0
material = ExtResource( 3 )

[node name="CSGBox2" type="CSGBox" parent="CSGLightWood"]
transform = Transform( 1, 0, 0, 0, 1, 0, 0, 0, 1, 8.3325, -2.56823, 0 )
operation = 2
width = 14.0316
height = 7.55486
depth = 20.3325
material = ExtResource( 3 )

[node name="CSGDarkWood" type="CSGCombiner" parent="."]
transform = Transform( 1, 0, 0, 0, 1, 0, 0, 0, 1, 2.25189, 0, -1.6845 )
use_collision = true

[node name="CSGBox" type="CSGBox" parent="CSGDarkWood"]
transform = Transform( 1, 0, 0, 0, 1, 0, 0, 0, 1, 13.0248, -4.43454, 0.142726 )
width = 4.55617
height = 3.83696
depth = 7.37683
material = ExtResource( 6 )

[node name="Hole" type="CSGBox" parent="CSGDarkWood"]
transform = Transform( 1, 0, 0, 0, 1, 0, 0, 0, 1, 13.1724, -2.55722, 2.30081 )
operation = 2
width = 1.25
height = 0.15
depth = 1.25

[node name="Conduction" type="Spatial" parent="CSGDarkWood/Hole"]
script = ExtResource( 5 )
area_node_a = NodePath("../../../CSGDarkWood/Hole/Conduction/AreaA")
area_node_b = NodePath("../../../CSGDarkWood/Hole/Conduction/AreaB")
scene_to_load = ExtResource( 9 )

[node name="AreaA" type="Area" parent="CSGDarkWood/Hole/Conduction"]
transform = Transform( 1, 0, 0, 0, 1, 0, 0, 0, 1, 0, 0, -0.5 )
collision_layer = 0
collision_mask = 4

[node name="CollisionShape" type="CollisionShape" parent="CSGDarkWood/Hole/Conduction/AreaA"]
shape = SubResource( 1 )

[node name="AreaB" type="Area" parent="CSGDarkWood/Hole/Conduction"]
transform = Transform( 1, 0, 0, 0, 1, 0, 0, 0, 1, 0, 0, 0.5 )
collision_layer = 0
collision_mask = 4

[node name="CollisionShape" type="CollisionShape" parent="CSGDarkWood/Hole/Conduction/AreaB"]
shape = SubResource( 1 )

[node name="RigidBody" type="RigidBody" parent="."]
transform = Transform( 1, 0, 0, 0, 1, 0, 0, 0, 1, 15.4097, -2.31462, -3.75139 )
collision_layer = 7

[node name="MeshInstance" type="MeshInstance" parent="RigidBody"]
transform = Transform( 0.5, 0, 0, 0, 0.25, 0, 0, 0, 0.5, 0, 0, 0 )
mesh = SubResource( 2 )
material/0 = null

[node name="CollisionShape" type="CollisionShape" parent="RigidBody"]
shape = SubResource( 3 )

[node name="Ruler" parent="." instance=ExtResource( 8 )]
transform = Transform( 0.995852, 0, -0.0909803, 0, 1, 0, 0.0909803, 0, 0.995852, -2.01726, 8.5766, -1.37565 )

[node name="Rail" type="Spatial" parent="."]
transform = Transform( 1, 0, 0, 0, 1, 0, 0, 0, 1, 0.144, -2.89439, -2.09466 )

[node name="pencil" parent="Rail" instance=ExtResource( 10 )]
transform = Transform( 0.390876, 0.920444, -3.25665e-07, 0.919944, -0.390664, -0.0329284, -0.0303089, 0.0128706, -0.999459, 0.218166, 11.7129, -0.0978644 )

[node name="pencil2" parent="Rail" instance=ExtResource( 10 )]
transform = Transform( 0.390876, 0.920444, -3.25665e-07, 0.919944, -0.390664, -0.0329284, -0.0303089, 0.0128706, -0.999459, 0.218166, 11.7129, 2.09531 )

[node name="pencil7" parent="Rail" instance=ExtResource( 10 )]
transform = Transform( 0.390876, 0.920444, -3.25665e-07, 0.919944, -0.390664, -0.0329284, -0.0303089, 0.0128706, -0.999459, 11.5693, 6.89819, 0.061671 )

[node name="pencil8" parent="Rail" instance=ExtResource( 10 )]
transform = Transform( 0.390876, 0.920444, -3.25665e-07, 0.919944, -0.390664, -0.0329284, -0.0303089, 0.0128706, -0.999459, 11.5693, 6.89819, 2.25484 )

[node name="pencil3" parent="Rail" instance=ExtResource( 10 )]
transform = Transform( 0.90038, -0.382356, -0.207656, -0.390876, -0.920444, 3.25963e-07, -0.191135, 0.0811673, -0.978203, 0.218165, 11.7129, -0.280625 )

[node name="pencil4" parent="Rail" instance=ExtResource( 10 )]
transform = Transform( 0.898747, -0.381662, 0.215843, -0.390876, -0.920444, 3.25963e-07, 0.198671, -0.0843683, -0.976429, 0.218165, 11.7129, 2.2314 )

[node name="Eraser" parent="Rail" instance=ExtResource( 1 )]
transform = Transform( -0.0106059, -0.902866, -0.429791, -0.0426141, 0.429833, -0.901902, 0.999035, 0.0087497, -0.0430336, 17.722, 4.28572, 1.22294 )

[node name="Eraser2" parent="Rail" instance=ExtResource( 1 )]
transform = Transform( -0.111452, 0, -0.99377, 0, 1, 0, 0.99377, 0, -0.111452, 0.0490613, 11.0658, 0.853791 )

[node name="ReflectionProbe" type="ReflectionProbe" parent="."]
transform = Transform( 1, 0, 0, 0, 1, 0, 0, 0, 1, 6.66648, 4.17148, -1.6845 )
extents = Vector3( 20, 10, 20 )

[node name="DayWorldEnvironment" parent="." instance=ExtResource( 16 )]
environment = SubResource( 5 )

[node name="CofeeCup" parent="." instance=ExtResource( 4 )]
transform = Transform( -0.901032, 0, 0.433753, 0, 1, 0, -0.433753, 0, -0.901032, -2.31585, 0, -1.65062 )

[node name="PhysicsGroup" type="Spatial" parent="."]
transform = Transform( 0.0565359, 0.998401, 0, -0.998401, 0.0565359, 0, 0, 0, 1, 0.156046, 9.58757, -1.16826 )

[node name="Bar" type="RigidBody" parent="PhysicsGroup"]

[node name="BarCollisionShape" type="CollisionShape" parent="PhysicsGroup/Bar"]
transform = Transform( 0.15, 0, 0, 0, -9.83506e-08, 0.15, 0, -2.25, -6.55671e-09, 0, 0, 0 )
shape = SubResource( 6 )

[node name="BarMesh" type="MeshInstance" parent="PhysicsGroup/Bar"]
transform = Transform( 0.15, 0, 0, 0, -9.83506e-08, 0.15, 0, -2.25, -6.55671e-09, 0, 0, 2.38419e-07 )
mesh = SubResource( 7 )
material/0 = ExtResource( 3 )

[node name="CircleRCollisionShape" type="CollisionShape" parent="PhysicsGroup/Bar"]
transform = Transform( 0.5, 0, 0, 0, -1.62921e-08, -0.5, 0, 0.1, -8.14603e-08, 0, 0, 2 )
shape = SubResource( 8 )

[node name="CircleRSideMesh" type="MeshInstance" parent="PhysicsGroup/Bar"]
transform = Transform( 0.5, 0, 0, 0, -1.62921e-08, -0.5, 0, 0.1, -8.14603e-08, 0, 0, 2 )
mesh = SubResource( 9 )
material/0 = ExtResource( 11 )

[node name="CircleLCollisionShape" type="CollisionShape" parent="PhysicsGroup/Bar"]
transform = Transform( 0.5, 0, 0, 0, -1.62921e-08, -0.5, 0, 0.1, -8.14603e-08, 0, 0, -2 )
shape = SubResource( 8 )

[node name="CircleLSideMesh" type="MeshInstance" parent="PhysicsGroup/Bar"]
transform = Transform( 0.5, 0, 0, 0, -1.62921e-08, -0.5, 0, 0.1, -8.14603e-08, 0, 0, -2 )
mesh = SubResource( 9 )
material/0 = ExtResource( 11 )

[node name="HingeJoint" type="HingeJoint" parent="PhysicsGroup"]
nodes/node_a = NodePath("../Bar")
nodes/node_b = NodePath("../RigidBody")
params/bias = 0.99
angular_limit/upper = 180.0
angular_limit/lower = -180.0

[node name="RigidBody" type="RigidBody" parent="PhysicsGroup"]
transform = Transform( 1, 0, 0, 0, 1, 0, 0, 0, 1, 0, -2.73315, 0 )
collision_layer = 3

[node name="MeshInstance" type="MeshInstance" parent="PhysicsGroup/RigidBody"]
transform = Transform( 0.35, 0, 0, 0, 0.35, 0, 0, 0, 0.35, 0, 0, 0 )
mesh = SubResource( 10 )
material/0 = null

[node name="CollisionShape" type="CollisionShape" parent="PhysicsGroup/RigidBody"]
transform = Transform( 0.35, 0, 0, 0, 0.35, 0, 0, 0, 0.35, 0, 0, 0 )
shape = SubResource( 11 )

[node name="MeshInstance2" type="MeshInstance" parent="PhysicsGroup/RigidBody"]
transform = Transform( 0.1, 0, 0, 0, 1.25, 0, 0, 0, 0.1, 0, 1.3859, 0 )
mesh = SubResource( 12 )
material/0 = ExtResource( 2 )

[node name="CollisionShape2" type="CollisionShape" parent="PhysicsGroup/RigidBody"]
transform = Transform( 0.1, 0, 0, 0, 1.25, 0, 0, 0, 0.1, 0, 1.386, 0 )
shape = SubResource( 13 )

[node name="MeshInstance3" type="MeshInstance" parent="PhysicsGroup/RigidBody"]
transform = Transform( 0.25, 0, 0, 0, 0.25, 0, 0, 0, 0.25, 0, 2.7439, 0 )
mesh = SubResource( 14 )
material/0 = ExtResource( 11 )
