[gd_scene load_steps=16 format=2]

[ext_resource path="res://src/Character/Character.tscn" type="PackedScene" id=1]
[ext_resource path="res://src/Enviroments/NightWorldEnvironment.tscn" type="PackedScene" id=2]
[ext_resource path="res://resources/materials/Wood063.material" type="Material" id=3]
[ext_resource path="res://scenes/NightLevel2.tscn" type="PackedScene" id=4]
[ext_resource path="res://src/Hammer/Hammer.tscn" type="PackedScene" id=5]
[ext_resource path="res://resources/materials/Metal035.material" type="Material" id=6]
[ext_resource path="res://resources/materials/Wood035.material" type="Material" id=7]
[ext_resource path="res://resources/custom_nodes/Conduction.gd" type="Script" id=8]
[ext_resource path="res://assets/models/crayon/pencil.tscn" type="PackedScene" id=9]
[ext_resource path="res://assets/models/ruler/ruler.tscn" type="PackedScene" id=10]

[sub_resource type="BoxShape" id=1]
extents = Vector3( 0.631172, 0.05, 0.05 )

[sub_resource type="CubeMesh" id=2]
material = ExtResource( 6 )

[sub_resource type="BoxShape" id=3]
extents = Vector3( 0.5, 0.25, 0.5 )

[sub_resource type="ProceduralSky" id=4]
sky_top_color = Color( 0.0901961, 0.117647, 0.313726, 1 )
sky_horizon_color = Color( 0.219608, 0.207843, 0.435294, 1 )
sky_curve = 0.13
ground_bottom_color = Color( 0.219608, 0.207843, 0.435294, 1 )
ground_horizon_color = Color( 0.219608, 0.207843, 0.435294, 1 )
sun_color = Color( 0.152941, 0.470588, 0.698039, 1 )
sun_latitude = 50.0
sun_angle_max = 30.0
sun_energy = 30.0

[sub_resource type="Environment" id=5]
resource_local_to_scene = true
background_mode = 2
background_sky = SubResource( 4 )
ambient_light_energy = 3.0
ambient_light_sky_contribution = 0.3
fog_enabled = true
fog_color = Color( 0.219608, 0.207843, 0.435294, 1 )
fog_depth_begin = 5.0
fog_depth_end = 50.0
fog_height_enabled = true
fog_height_min = 4.0
fog_height_max = -10.0
fog_height_curve = 0.615572
tonemap_mode = 2
tonemap_white = 16.0
ss_reflections_depth_tolerance = 128.0
ssao_enabled = true
ssao_radius = 0.36
ssao_intensity = 9.58
ssao_bias = 0.019
ssao_light_affect = 0.59
ssao_ao_channel_affect = 0.7
ssao_quality = 2
dof_blur_far_enabled = true
dof_blur_far_distance = 20.0
dof_blur_far_transition = 3.69
dof_blur_near_enabled = true
dof_blur_near_distance = 15.0
dof_blur_near_transition = 0.85
glow_enabled = true

[node name="Spatial" type="Spatial"]

[node name="SpotLight" type="SpotLight" parent="."]
transform = Transform( 0.604564, 0.555255, -0.571134, -0.0654508, 0.749207, 0.659095, 0.793863, -0.361084, 0.489285, -7.47071, 17.345, 8.81272 )
light_color = Color( 0.933333, 0.866667, 0.509804, 1 )
light_energy = 2.0
shadow_enabled = true
shadow_color = Color( 0.933333, 0.866667, 0.509804, 1 )
shadow_bias = 0.1
spot_range = 31.6713
spot_angle = 30.6706

[node name="Camera" type="Camera" parent="."]
transform = Transform( 0.707107, 0.241845, -0.664463, 0, 0.939693, 0.34202, 0.707107, -0.241845, 0.664463, 0.502205, 3.50867, 2.57599 )

[node name="Camera2" type="Camera" parent="."]
transform = Transform( 0.707107, 0.5, -0.5, 0, 0.707107, 0.707107, 0.707107, -0.5, 0.5, -1.417, 13.857, 5 )
projection = 1
current = true
size = 12.0

[node name="Listener" type="Listener" parent="Camera2"]
transform = Transform( 1, -2.98023e-08, 5.96046e-08, 8.9407e-08, 0.906308, -0.422618, -2.98023e-08, 0.422618, 0.906308, 0, 0, 0 )
current = true

[node name="Character" parent="." instance=ExtResource( 1 )]
transform = Transform( 1, 0, 0, 0, 1, 0, 0, 0, 1, 0.033, 0, -2.748 )

[node name="CSGLightWood" type="CSGCombiner" parent="."]
use_collision = true

[node name="CSGBox" type="CSGBox" parent="CSGLightWood"]
transform = Transform( 1, 0, 0, 0, 1, 0, 0, 0, 1, 1.48166, -5.02475, -0.235323 )
width = 200.0
height = 10.0
depth = 200.0
material = ExtResource( 3 )

[node name="Hole" type="CSGBox" parent="CSGLightWood"]
transform = Transform( 1, 0, 0, 0, 1, 0, 0, 0, 1, 8.31234, -0.0921977, -3.85527 )
operation = 2
width = 1.25
height = 0.15
depth = 1.25

[node name="Conduction" type="Spatial" parent="CSGLightWood/Hole"]
script = ExtResource( 8 )
area_node_a = NodePath("AreaA")
area_node_b = NodePath("AreaB")
scene_to_load = ExtResource( 4 )

[node name="AreaA" type="Area" parent="CSGLightWood/Hole/Conduction"]
transform = Transform( 1, 0, 0, 0, 1, 0, 0, 0, 1, 0, 0, -0.5 )
collision_layer = 0
collision_mask = 4

[node name="CollisionShape" type="CollisionShape" parent="CSGLightWood/Hole/Conduction/AreaA"]
shape = SubResource( 1 )

[node name="AreaB" type="Area" parent="CSGLightWood/Hole/Conduction"]
transform = Transform( 1, 0, 0, 0, 1, 0, 0, 0, 1, 0, 0, 0.5 )
collision_layer = 0
collision_mask = 4

[node name="CollisionShape" type="CollisionShape" parent="CSGLightWood/Hole/Conduction/AreaB"]
shape = SubResource( 1 )

[node name="CSGDarkWood" type="CSGCombiner" parent="."]
material_override = ExtResource( 7 )
use_collision = true

[node name="CSGBox" type="CSGBox" parent="CSGDarkWood"]
transform = Transform( 1, 0, 0, 0, 1, 0, 0, 0, 1, 7, 0.945259, -1.20205 )
width = 5.34706
height = 3.93086
depth = 8.0

[node name="CSGBox2" type="CSGBox" parent="CSGDarkWood"]
transform = Transform( 1, 0, 0, 0, 1, 0, 0, 0, 1, 7, 0.945259, -1.20205 )
operation = 2
width = 4.347
height = 7.24086
depth = 7.0

[node name="CSGBox3" type="CSGBox" parent="CSGDarkWood"]
transform = Transform( -4.37114e-08, -1, 0, 1, -4.37114e-08, 0, 0, 0, 1, 7, 0, -1.202 )
operation = 2
width = 4.06586
height = 6.55664
depth = 1.85921

[node name="CSGCylinder" type="CSGCylinder" parent="CSGDarkWood"]
transform = Transform( -4.37114e-08, -1, 0, 1, -4.37114e-08, 0, 0, 0, 1, 7, 0, -1.202 )
visible = false
operation = 2
radius = 2.16442
height = 5.91509
sides = 16

[node name="RigidBody" type="RigidBody" parent="."]
transform = Transform( 1, 0, 0, 0, 1, 0, 0, 0, 1, 3.36678, 0.308817, -1.06619 )
collision_layer = 7

[node name="MeshInstance" type="MeshInstance" parent="RigidBody"]
transform = Transform( 0.5, 0, 0, 0, 0.25, 0, 0, 0, 0.5, 0, 0, 0 )
mesh = SubResource( 2 )
material/0 = null

[node name="CollisionShape" type="CollisionShape" parent="RigidBody"]
shape = SubResource( 3 )

[node name="pencil" parent="." instance=ExtResource( 9 )]
transform = Transform( -4.34109e-08, -0.993126, 0.117052, 1, -4.37114e-08, 0, 5.11651e-09, 0.117052, 0.993126, 12.6438, 0.202039, -10.5481 )

[node name="pencil2" parent="." instance=ExtResource( 9 )]
transform = Transform( -4.27901e-08, -0.978925, 0.204223, 1, -4.37114e-08, 0, 8.92686e-09, 0.204223, 0.978925, 17.3057, 0.202039, -10.6475 )

[node name="Ruler" parent="." instance=ExtResource( 10 )]
transform = Transform( -0.127549, 0, 0.991832, 0, 1, 0, -0.991832, 0, -0.127549, 7.52607, 0, -13.9904 )

[node name="NightWorldEnvironment" parent="." instance=ExtResource( 2 )]
environment = SubResource( 5 )

[node name="ReflectionProbe" type="ReflectionProbe" parent="."]
transform = Transform( 1, 0, 0, 0, 1, 0, 0, 0, 1, 4.41459, 4.17148, 0 )
extents = Vector3( 20, 10, 20 )

[node name="Hammer" parent="." instance=ExtResource( 5 )]
transform = Transform( 1.31134e-07, 0, -1, 0, 1, 0, 1, 0, 1.31134e-07, 3.36909, 0, -1.10882 )

[node name="Hammer2" parent="." instance=ExtResource( 5 )]
transform = Transform( -2.18557e-07, 0, 1, 0, 1, 0, -1, 0, -2.18557e-07, 10.108, 0, -1.10882 )
